L0  Nsteps           time(ps)         Etot             EKinetic        
L1  Temp             T_solute         T_solv           Pres_scal_solu  
L2  Pres_scal_solv   BoxX             BoxY             BoxZ            
L3  volume           pres_X           pres_Y           pres_Z          
L4  Pressure         EKCoM_x          EKCoM_y          EKCoM_z         
L5  EKComTot         VIRIAL_x         VIRIAL_y         VIRIAL_z        
L6  VIRIAL_tot       E_pot            E_vdw            E_el            
L7  E_hbon           E_bon            E_angle          E_dih           
L8  E_14vdw          E_14el           E_const          E_pol           
L9  AV_permMoment    AV_indMoment     AV_totMoment     Density          dV/dlambda      
L0    10000  0.1600000000E+03  -.1151381094E+05  0.2760976318E+04
L1 0.3141275170E+03  0.3141275170E+03  -.1154520669E+11  0.1000000000E+01
L2 0.1000000000E+01  0.3550030187E+02  0.3688183567E+02  0.3496797598E+02
L3 0.4578414092E+05  0.0000000000E+00  0.0000000000E+00  0.0000000000E+00
L4 0.0000000000E+00  0.0000000000E+00  0.0000000000E+00  0.0000000000E+00
L5 0.0000000000E+00  0.0000000000E+00  0.0000000000E+00  0.0000000000E+00
L6 0.0000000000E+00  -.1427478726E+05  0.2114858412E+04  -.1611678312E+05
L7 0.0000000000E+00  0.1747279539E+02  0.3139364097E+02  0.3725328811E+02
L8 0.1480617763E+02  -.3853875926E+03  0.1159914092E+02  0.0000000000E+00
L9 0.0000000000E+00  0.0000000000E+00  0.0000000000E+00  0.9803456963E+00  -.1600211916E+03
L0    20000  0.1800000000E+03  -.1167559511E+05  0.2711462646E+04
L1 0.3084941450E+03  0.3084941450E+03  -.1170855458E+11  0.1000000000E+01
L2 0.1000000000E+01  0.3544513669E+02  0.3682452367E+02  0.3491363800E+02
L3 0.4557103560E+05  0.0000000000E+00  0.0000000000E+00  0.0000000000E+00
L4 0.0000000000E+00  0.0000000000E+00  0.0000000000E+00  0.0000000000E+00
L5 0.0000000000E+00  0.0000000000E+00  0.0000000000E+00  0.0000000000E+00
L6 0.0000000000E+00  -.1438705775E+05  0.2111828853E+04  -.1621833179E+05
L7 0.0000000000E+00  0.1893216146E+02  0.2624243123E+02  0.3706539293E+02
L8 0.1636582350E+02  -.3879725587E+03  0.8811932307E+01  0.0000000000E+00
L9 0.0000000000E+00  0.0000000000E+00  0.0000000000E+00  0.9875789389E+00  -.1456594984E+03
L0    30000  0.2000000000E+03  -.1159492425E+05  0.2683222412E+04
L1 0.3052811385E+03  0.3052811385E+03  -.1162556365E+11  0.1000000000E+01
L2 0.1000000000E+01  0.3547840318E+02  0.3685908477E+02  0.3494640566E+02
L3 0.4569946607E+05  0.0000000000E+00  0.0000000000E+00  0.0000000000E+00
L4 0.0000000000E+00  0.0000000000E+00  0.0000000000E+00  0.0000000000E+00
L5 0.0000000000E+00  0.0000000000E+00  0.0000000000E+00  0.0000000000E+00
L6 0.0000000000E+00  -.1427814666E+05  0.2086791702E+04  -.1607804023E+05
L7 0.0000000000E+00  0.1008300576E+02  0.2823714025E+02  0.3631258706E+02
L8 0.1323667731E+02  -.3822266121E+03  0.7459069529E+01  0.0000000000E+00
L9 0.0000000000E+00  0.0000000000E+00  0.0000000000E+00  0.9848035187E+00  -.1434174475E+03
L0    40000  0.2200000000E+03  -.1157156440E+05  0.2693652832E+04
L1 0.3064678498E+03  0.3064678498E+03  -.1160267915E+11  0.1000000000E+01
L2 0.1000000000E+01  0.3540010244E+02  0.3677773687E+02  0.3486927904E+02
L3 0.4539755757E+05  0.0000000000E+00  0.0000000000E+00  0.0000000000E+00
L4 0.0000000000E+00  0.0000000000E+00  0.0000000000E+00  0.0000000000E+00
L5 0.0000000000E+00  0.0000000000E+00  0.0000000000E+00  0.0000000000E+00
L6 0.0000000000E+00  -.1426521724E+05  0.2003962662E+04  -.1598636552E+05
L7 0.0000000000E+00  0.1036008637E+02  0.2426983257E+02  0.3967176919E+02
L8 0.1570702609E+02  -.3818316407E+03  0.9008549260E+01  0.0000000000E+00
L9 0.0000000000E+00  0.0000000000E+00  0.0000000000E+00  0.9913527819E+00  -.1448829716E+03
L0    50000  0.2400000000E+03  -.1156832587E+05  0.2740927734E+04
L1 0.3118465080E+03  0.3118465080E+03  -.1159992011E+11  0.1000000000E+01
L2 0.1000000000E+01  0.3546593178E+02  0.3684612803E+02  0.3493412127E+02
L3 0.4565129006E+05  0.0000000000E+00  0.0000000000E+00  0.0000000000E+00
L4 0.0000000000E+00  0.0000000000E+00  0.0000000000E+00  0.0000000000E+00
L5 0.0000000000E+00  0.0000000000E+00  0.0000000000E+00  0.0000000000E+00
L6 0.0000000000E+00  -.1430925361E+05  0.2107182143E+04  -.1613256957E+05
L7 0.0000000000E+00  0.1417006597E+02  0.2269640743E+02  0.3658259043E+02
L8 0.1556999447E+02  -.3823645300E+03  0.9479294791E+01  0.0000000000E+00
L9 0.0000000000E+00  0.0000000000E+00  0.0000000000E+00  0.9858427861E+00  -.1408690275E+03
L0    60000  0.2600000000E+03  -.1161603010E+05  0.2770573730E+04
L1 0.3152194536E+03  0.3152194536E+03  -.1164654378E+11  0.1000000000E+01
L2 0.1000000000E+01  0.3536649611E+02  0.3674282271E+02  0.3483617663E+02
L3 0.4526838866E+05  0.0000000000E+00  0.0000000000E+00  0.0000000000E+00
L4 0.0000000000E+00  0.0000000000E+00  0.0000000000E+00  0.0000000000E+00
L5 0.0000000000E+00  0.0000000000E+00  0.0000000000E+00  0.0000000000E+00
L6 0.0000000000E+00  -.1438660384E+05  0.2214421465E+04  -.1630883450E+05
L7 0.0000000000E+00  0.8111177687E+01  0.2578172041E+02  0.3823625568E+02
L8 0.1729679153E+02  -.3884678767E+03  0.6851128615E+01  0.0000000000E+00
L9 0.0000000000E+00  0.0000000000E+00  0.0000000000E+00  0.9885723243E+00  -.1397568221E+03
L0    70000  0.2800000000E+03  -.1158986370E+05  0.2744426270E+04
L1 0.3122445506E+03  0.3122445506E+03  -.1162066644E+11  0.1000000000E+01
L2 0.1000000000E+01  0.3554109917E+02  0.3692422064E+02  0.3500816153E+02
L3 0.4594216917E+05  0.0000000000E+00  0.0000000000E+00  0.0000000000E+00
L4 0.0000000000E+00  0.0000000000E+00  0.0000000000E+00  0.0000000000E+00
L5 0.0000000000E+00  0.0000000000E+00  0.0000000000E+00  0.0000000000E+00
L6 0.0000000000E+00  -.1433428997E+05  0.2022419733E+04  -.1608307625E+05
L7 0.0000000000E+00  0.9147139629E+01  0.3799449055E+02  0.3719256085E+02
L8 0.1656246215E+02  -.3836375676E+03  0.9107461198E+01  0.0000000000E+00
L9 0.0000000000E+00  0.0000000000E+00  0.0000000000E+00  0.9796010027E+00  -.1539091398E+03
L0    80000  0.3000000000E+03  -.1164286491E+05  0.2750945557E+04
L1 0.3129862764E+03  0.3129862764E+03  -.1167433366E+11  0.1000000000E+01
L2 0.1000000000E+01  0.3544922187E+02  0.3682876784E+02  0.3491766193E+02
L3 0.4558679412E+05  0.0000000000E+00  0.0000000000E+00  0.0000000000E+00
L4 0.0000000000E+00  0.0000000000E+00  0.0000000000E+00  0.0000000000E+00
L5 0.0000000000E+00  0.0000000000E+00  0.0000000000E+00  0.0000000000E+00
L6 0.0000000000E+00  -.1439381046E+05  0.2098112892E+04  -.1621468293E+05
L7 0.0000000000E+00  0.1198414145E+02  0.3013932232E+02  0.4002026970E+02
L8 0.1608603400E+02  -.3826827340E+03  0.7212540804E+01  0.0000000000E+00
L9 0.0000000000E+00  0.0000000000E+00  0.0000000000E+00  0.9841134849E+00  -.1475188560E+03
